% Model:              halbach.mph
% Version:            COMSOL 5.3.0.316
% Date:               Jun 21 2021, 06:09
% Dimension:          2
% Nodes:              1000
% Expressions:        2
% Description:        Magnetic flux density norm, 
% Length unit:        m
% X                       Y                        mfnc.normB (T)           atan2(y,x) (rad)
9.82779056315751E-18      -0.1605                  3.736408765525309E-4     -1.5707963267948966
5.047295193416928E-4      -0.16049920637845008     3.7333683701988216E-4    -1.5676515894039158
0.0010094540472288783     -0.16049682552164868     2.870780257276577E-4     -1.564506852012935
0.0015141685922564305     -0.16049285745314096     2.9816100323341003E-4    -1.5613621146219543
0.0020188681631179385     -0.16048730221216864     3.092554506234615E-4     -1.5582173772309735
0.002523547768655076      -0.1604801598536695      3.2036014205685754E-4    -1.5550726398399928
0.0030282024179069614     -0.16047143044827694     3.314740104238093E-4     -1.551927902449012
0.0035328271201595495     -0.16046111408231922     3.425961219232358E-4     -1.548783165058031
0.004037416884994847      -0.16044921085781866     3.5372565534996564E-4    -1.5456384276670503
0.004541966722340474      -0.16043572089249064     3.6486188510916447E-4    -1.5424936902760695
0.005046471642518874      -0.16042064431974226     3.760041672014519E-4     -1.5393489528850888
0.0055509266562966935     -0.1604039812886713      3.8715192759269896E-4    -1.536204215494108
0.006055326774934118      -0.16038573196406458     3.9830465250992607E-4    -1.5330594781031273
0.006559667010234218      -0.1603658965263963      4.094618803025495E-4     -1.5299147407121465
0.007063942374592263      -0.16034447517182635     4.2062319458314063E-4    -1.5267700033211657
0.007568147881045062      -0.16032146811219836     4.3178821841995335E-4    -1.523625265930185
0.008072278543320273      -0.1602968755750375      4.4295660939807496E-4    -1.5204805285392042
0.008576329375885714      -0.16027069780354836     4.541280554020947E-4     -1.5173357911482235
0.009080295393998667      -0.1602429350566125      4.6530227100038604E-4    -1.5141910537572427
0.00958417161375518       -0.16021358760878582     4.7647899433358505E-4    -1.511046316366262
0.010087953052139378      -0.160182655750296       4.8765798442720426E-4    -1.507901578975281
0.010591634727072611      -0.16015013978703943     4.98839018862771E-4      -1.5047568415843002
0.011095211657462937      -0.1601160400405784      5.100218917528935E-4     -1.5016121041933195
0.01159867886325423       -0.16008035684813768     5.212064119751173E-4     -1.4984673668023387
0.012102031365475469      -0.16004309056260146     5.323924016269478E-4     -1.495322629411358
0.012605264186289983      -0.16000424155250959     5.435796946703181E-4     -1.4921778920203772
0.013108372349044675      -0.15996381020205414     5.547681357391354E-4     -1.4890331546293964
0.01361135087831923       -0.1599217969110755      5.659575790874523E-4     -1.4858884172384157
0.014114194799975333      -0.15987820209505843     5.771478876593234E-4     -1.482743679847435
0.014616899141205852      -0.159833026185128       5.883389322642347E-4     -1.4795989424564542
0.01511945893058401       -0.1597862696280453      5.995305908445547E-4     -1.4764542050654734
0.015621869198112566      -0.15973793288620292     6.107227478231013E-4     -1.4733094676744927
0.016124124975272946      -0.15968801643762057     6.219152935208438E-4     -1.470164730283512
0.016626221295074434      -0.1596365207759403      6.331081236362094E-4     -1.467019992892531
0.017128153192103125      -0.15958344641042144     6.443011387783796E-4     -1.4638752555015502
0.01762991570257127       -0.1595287938659358      8.021115626626643E-4     -1.4607305181105694
0.018131503864366204      -0.1594725636829623      8.329429913887981E-4     -1.4575857807195887
0.018632912717099465      -0.15941475641758185     8.639639780314127E-4     -1.454441043328608
0.01913413730215583       -0.1593553726414715      8.951533432928001E-4     -1.4512963059376272
0.019635172662742388      -0.15929441294189917     9.26492695977924E-4      -1.4481515685466464
0.02013601384393752       -0.15923187792171756     9.579660100036031E-4     -1.4450068311556656
0.020636655892739924      -0.15916776819935827     9.89559273118831E-4      -1.4418620937646849
0.021137093858117587      -0.15910208440882578     0.0010212601941967333    -1.4387173563737041
0.021637322791056766      -0.15903482719969114     0.0010530579584813056    -1.4355726189827234
0.02213733774461089       -0.15896599723708535     0.0010849430222039835    -1.4324278815917426
0.022637133773949575      -0.15889559520169308     0.0011169069396214757    -1.4292831442007616
0.023136705936407327      -0.1588236217897458      0.001148942216837683     -1.4261384068097809
0.023636049291532676      -0.1587500777130148      0.0011810421878271288    -1.4229936694188001
0.02413515890113686       -0.15867496369880435     0.0012132009089231353    -1.4198489320278194
0.024634029829342725      -0.15859828048994434     0.001245413068715477     -1.4167041946368386
0.02513265714263352       -0.158520028844783       0.0012776739108516252    -1.4135594572458579
0.025631035909901692      -0.15844020953717944     0.0013099791676795547    -1.410414719854877
0.026129161202497645      -0.15835882335649598     0.001342325003029904     -1.4072699824638963
0.026627028094278495      -0.1582758711075902      0.0013747079627277295    -1.4041252450729156
0.027124631661656778      -0.15819135361080722     0.0014071249316626028    -1.4009805076819348
0.027621966983649125      -0.1581052717019714      0.0014395730964406781    -1.397835770290954
0.02811902914192497       -0.1580176262323782      0.0014720499128021262    -1.3946910328999733
0.028615813220855168      -0.15792841806878563     0.0015045530771191178    -1.3915462955089923
0.029112314307560522      -0.1578376480934058      0.0015370805013979409    -1.3884015581180116
0.02960852749196054       -0.15774531720389617     0.0015696302912990606    -1.3852568207270308
0.030104447866821878      -0.15765142631335058     0.0016022007267627641    -1.38211208333605
0.030600070527806875      -0.15755597635029034     0.001634790244891518     -1.3789673459450693
0.031095390573522085      -0.157458968258655       0.0016673974247909146    -1.3758226085540886
0.031590403105566725      -0.15736040299779294     0.0017000209741152715    -1.3726778711631078
0.032085103228581144      -0.15726028154245209     0.0018843682260334857    -1.369533133772127
0.032579486050295196      -0.15715860488277003     0.0019678525245733778    -1.3663883963811463
0.03307354668157666       -0.15705537402426437     0.002051756929195756     -1.3632436589901655
0.03356728023647956       -0.15695058998782277     0.002059974215746394     -1.3600989215991848
0.03406068183229255       -0.15684425380969283     0.002133945895128994     -1.3569541842082038
0.034553746589586994      -0.15673636654147183     0.0022078900290708587    -1.3538094468172233
0.03504646963226562       -0.15662692925009636     0.0022818068617755766    -1.3506647094262423
0.035538846087610265      -0.15651594301783173     0.0023556966396590406    -1.3475199720352615
0.03603087108633042       -0.15640340894226137     0.0024295596111248924    -1.3443752346442808
0.03652253976261124       -0.15628932813627577     0.0025033960263778944    -1.3412304972533
0.03701384725416166       -0.15617370172806172     0.0025772061372667234    -1.3380857598623193
0.03750478870226253       -0.156056530861091       0.002650990197150869     -1.3349410224713385
0.03799535925181461       -0.15593781669410903     0.002724748460786992     -1.3317962850803577
0.03848555405138663       -0.1558175604011236      0.0027984811842310044    -1.328651547689377
0.03897536825326324       -0.15569576317139308     0.0028721886247530157    -1.3255068102983962
0.039464797013492973      -0.15557242620941475     0.0029458710407629565    -1.3223620729074155
0.0399538354919361        -0.15544755073491287     0.003019528691745044     -1.3192173355164347
0.040442478852312586      -0.15532113798282657     0.0030931618381994557    -1.316072598125454
0.040930722262249815      -0.15519318920329772     0.0031667707415902035    -1.3129278607344732
0.041418560893330486      -0.15506370566165853     0.0032605329429727385    -1.3097831233434922
0.04190598992114018       -0.15493268863841905     0.003399188875813854     -1.3066383859525115
0.04239300452531533       -0.15480013942925439     0.003537956565225938     -1.3034936485615307
0.04287959988959069       -0.15466605934499209     0.0036768222832346616    -1.30034891117055
0.04336577120184704       -0.1545304497115991      0.003815774169621472     -1.2972041737795692
0.04385151365415878       -0.15439331187016855     0.003954801906804657     -1.2940594363885884
0.04433682244284145       -0.15425464717690665     0.004093896460115016     -1.2909146989976077
0.04482169276849923       -0.15411445700311918     0.0042330498686683924    -1.287769961606627
0.04530611983607246       -0.15397274273519793     0.004442924703396227     -1.2846252242156462
0.04579009885488499       -0.15382950577460705     0.0045639334913542525    -1.2814804868246654
0.0462736250386916        -0.15368474753786915     0.004685156407946323     -1.2783357494336847
0.046756693605725354      -0.15353846945655125     0.004806571848136961     -1.2751910120427037
0.04723929977874472       -0.15339067297725079     0.004928160383915092     -1.2720462746517232
0.04772143878508118       -0.153241359561581       0.0050499045098631274    -1.2689015372607422
0.048203105856685934      -0.15309053068615683     0.005171788422948321     -1.2657567998697616
0.0486842962301776        -0.15293818784258012     0.00529379783139179      -1.2626120624787807
0.049165005146888756      -0.15278433253742482     0.00541591978831576      -1.2594673250878
0.04964522785291347       -0.15262896629222222     0.005538142546566737     -1.2563225876968191
0.05012495959915407       -0.15247209064344588     0.00541673735988729      -1.2531778503058384
0.05060419564136815       -0.15231370714249634     0.005686395122552919     -1.2500331129148576
0.051082931240215526      -0.15215381735568587     0.005956122288450713     -1.2468883755238769
0.05156116166130507       -0.15199242286422296     0.0062259122412264885    -1.2437436381328961
0.05203888217524157       -0.15182952526419666     0.006495759168557769     -1.2405989007419151
0.05251608805767235       -0.1516651261665608      0.006765657902171979     -1.2374541633509346
0.05299277458933433       -0.15149922719711809     0.007035603794563414     -1.2343094259599536
0.05346893705610023       -0.15133182999650402     0.007305592622954872     -1.231164688568973
0.0539445707490257        -0.1511629362201706      0.007575620513733091     -1.2280199511779921
0.05441967096439539       -0.15099254753837005     0.007845683882443286     -1.2248752137870114
0.054894233003769846      -0.1508206656361383      0.008115779385731863     -1.2217304763960306
0.05536825217403179       -0.1506472922132782      0.008385903882552358     -1.2185857390050499
0.05584172378743257       -0.1504724289843428      0.008656054402618015     -1.215441001614069
0.056314643161638554      -0.15029607767861847     0.008926228120570586     -1.2122962642230883
0.05678700561977737       -0.15011824004010763     0.009196422334693763     -1.2091515268321076
0.0572588064904842        -0.14993891782751162     0.009412252148705152     -1.2060067894411268
0.05773004110794798       -0.1497581128142133      0.009623304727750515     -1.202862052050146
0.058200704811957535      -0.14957582678825943     0.009834841449698097     -1.1997173146591653
0.05867079294794764       -0.14939206155234305     0.010046836357631104     -1.1965725772681846
0.05914030086704511       -0.14920681892378573     0.010259265667586389     -1.1934278398772038
0.05960922392611471       -0.1490201007345194      0.010472107558469187     -1.1902831024862228
0.06007755748780505       -0.14883190883106848     0.010685341985305253     -1.187138365095242
0.060545296920594585      -0.14864224507453136     0.010898950512932042     -1.1839936277042613
0.06101243759883728       -0.1484511113405622      0.011112916167623057     -1.1808488903132806
0.06147897490280843       -0.14825850951935224     0.011654914112638446     -1.1777041529222998
0.06194490421875027       -0.1480644415156112      0.012082374964812227     -1.174559415531319
0.0624102209389177        -0.14786890924854854     0.01251032885097173      -1.1714146781403383
0.06287492046162378       -0.1476719146518541      0.012938712046767328     -1.1682699407493575
0.06333899819128526       -0.14747345967367947     0.013367468619332386     -1.1651252033583768
0.06380244953846803       -0.14727354627661834     0.013796549234631056     -1.161980465967396
0.06426526991993255       -0.14707217643768725     0.014225910175792215     -1.158835728576415
0.06472745475867898       -0.14686935214830615     0.014655512530452296     -1.1556909911854345
0.06518899948399284       -0.14666507541427842     0.014940896234471594     -1.1525462537944535
0.06564989953148971       -0.14645934825577134     0.015314137300606266     -1.149401516403473
0.06611015034316084       -0.1462521727072958      0.01568739557836408      -1.146256779012492
0.06656974736741784       -0.14604355081768644     0.016060669522541392     -1.1431120416215113
0.06702868605913796       -0.1458334846500814      0.016433957808144932     -1.1399673042305305
0.06748696187970891       -0.14562197628190163     0.01680725930582473      -1.1368225668395497
0.06794457029707378       -0.14540902780483062     0.017180573060499343     -1.133677829448569
0.06840150678577588       -0.1451946413247936      0.01755389827269954      -1.1305330920575882
0.0688577668270034        -0.14497881896193676     0.017927234282233414     -1.1273883546666075
0.06931334590863422       -0.14476156285060623     0.018300580553843388     -1.1242436172756267
0.0697682395252805        -0.14454287513932706     0.018924197201427604     -1.121098879884646
0.07022244317833316       -0.14432275799078179     0.019501259139598083     -1.117954142493665
0.07067595237600639       -0.14410121358178937     0.02007829699191683      -1.1148094051026844
0.07112876263338226       -0.14387824410328326     0.020655303730022865     -1.1116646677117035
0.07158086947245472       -0.14365385176029008     0.021232272794409965     -1.1085199303207227
0.0720322684221742        -0.14342803877190766     0.021809198032529405     -1.105375192929742
0.07248295501849167       -0.14320080737128305     0.022386073646463635     -1.1022304555387612
0.07293292480440285       -0.14297215980559055     0.022898276700447705     -1.0990857181477804
0.07338217332999221       -0.14274209833600943     0.023431504302286625     -1.0959409807567997
0.07383069615247707       -0.14251062523770153     0.023965032835107043     -1.092796243365819
0.07427848883625149       -0.14227774279978883     0.024498848618732774     -1.0896515059748382
0.07472554695293011       -0.14204345332533083     0.025032939195249865     -1.0865067685838576
0.07517186608139201       -0.14180775913130164     0.02556729320229755      -1.0833620311928767
0.07561744180782437       -0.14157066254856723     0.026101900261675103     -1.080217293801896
0.07606226972576613       -0.14133216592186226     0.026636750881155337     -1.0770725564109151
0.0765063454361516        -0.14109227160976695     0.027171836367718624     -1.0739278190199344
0.076949664547354         -0.1408509819846837      0.02770714875069109      -1.0707830816289534
0.07739222267522866       -0.1406082994328138      0.028242680713496577     -1.0676383442379727
0.0778340154431568        -0.1403642263541335      0.0288119429552132       -1.064493606846992
0.07827503848208833       -0.1401187651623707      0.029626030907608254     -1.0613488694560114
0.07871528743058549       -0.13987191828498066     0.03043992618478643      -1.0582041320650304
0.07915475793486565       -0.13962368816312232     0.031253623886069955     -1.0550593946740496
0.07959344564884452       -0.13937407725163398     0.032067119208912455     -1.0519146572830689
0.08003134623417918       -0.13912308801900905     0.032880407437123116     -1.048769919892088
0.08046845536031075       -0.13887072294737174     0.03369348393080817      -1.0456251825011074
0.08090476870450763       -0.1386169845324523      0.034506344117747556     -1.0424804451101264
0.08134028195190773       -0.13836187528356267     0.035318983485971275     -1.0393357077191459
0.08177499079556166       -0.13810539772357128     0.036131397577350365     -1.0361909703281649
0.08220889093647483       -0.13784755438887838     0.03694358198204085      -1.0330462329371843
0.08264197808365047       -0.13758834782939083     0.037755532333655265     -1.0299014955462034
0.08307424795413147       -0.137327780608497       0.03904242163199764      -1.0267567581552228
0.08350569627304343       -0.13706585530304116     0.03979525811573533      -1.0236120207642418
0.08393631877363628       -0.1368025745032984      0.04054844758915503      -1.0204672833732613
0.08436611119732698       -0.13653794081294862     0.04130196977598339      -1.0173225459822803
0.08479506929374127       -0.13627195684905102     0.042055805864708286     -1.0141778085912998
0.08522318882075593       -0.1360046252420181      0.0428099383808568       -1.0110330712003188
0.08565046554454066       -0.13573594863558971     0.04319631231078355      -1.0078883338093378
0.08607689523959988       -0.13546592968680704     0.044276770272888864     -1.0047435964183573
0.08650247368881477       -0.1351945710659859      0.04535748423027559      -1.0015988590273763
0.0869271966834845        -0.13492187545669085     0.04643842119577873      -0.9984541216363957
0.08735106002336844       -0.13464784555570833     0.04751955083918982      -0.9953093842454149
0.0877740595167272        -0.13437248407302008     0.04860084519342464      -0.9921646468544342
0.08819619098036437       -0.1340957937317763      0.04968227839874889      -0.9890199094634534
0.08861745023966779       -0.13381777726826885     0.05076382647944917      -0.9858751720724727
0.08903783312865081       -0.13353843743190397     0.051845467148262        -0.9827304346814918
0.08945733548999357       -0.13325777698517538     0.0529271796346302       -0.979585697290511
0.08987595317508407       -0.13297579870363666     0.054008944533474934     -0.9764409598995303
0.09029368204405916       -0.13269250537587401     0.055090743671689965     -0.9732962225085496
0.09071051796584555       -0.13240789980347853     0.0561725599899862       -0.9701514851175687
0.0911264568182006        -0.13212198480101872     0.05725437743807298      -0.9670067477265881
0.09154149448775319       -0.13183476319601237     0.05833618088145574      -0.9638620103356073
0.0919556268700442        -0.1315462378288988      0.059417956018378786     -0.9607172729446264
0.09236884986956737       -0.13125641155301074     0.06049968930565363      -0.9575725355536456
0.0927811593998095        -0.130965287234546       0.06379418772311782      -0.9544277981626649
0.09319255138329119       -0.13067286775253933     0.06483580171222268      -0.9512830607716842
0.0936030217516069        -0.13037915599883368     0.06587896253587723      -0.9481383233807033
0.09401256644546523       -0.13008415487805186     0.06692359614986669      -0.9449935859897225
0.09442118141472924       -0.12978786730756767     0.06712674180513059      -0.9418488485987417
0.09482886261845627       -0.12949029621747704     0.06880190523057374      -0.938704111207761
0.09523560602493807       -0.12919144455056913     0.07048011647621262      -0.9355593738167802
0.09564140761174059       -0.12889131526229722     0.07216113109366945      -0.9324146364257995
0.09604626336574376       -0.12858991132074937     0.07357305024949563      -0.9292698990348188
0.09645016928318123       -0.12828723570661926     0.07529514922367728      -0.9261251616438381
0.09685312136967991       -0.1279832914131765      0.07701774937533871      -0.9229804242528572
0.09725511564029948       -0.12767808144623718     0.07874083101697876      -0.9198356868618763
0.09765614811957185       -0.12737160882413412     0.0804643762335426       -0.9166909494708955
0.09805621484154038       -0.127063876577687       0.0821883686963871       -0.9135462120799148
0.09845531184979923       -0.12675488775017232     0.08391279349998536      -0.9104014746889341
0.09885343519753235       -0.12644464539729341     0.08563763701819377      -0.9072567372979532
0.09925058094755257       -0.1261331525871502      0.08736288677740345      -0.9041119999069724
0.09964674517234062       -0.12582041240020878     0.08908853134430826      -0.9009672625159917
0.10004192395408379       -0.12550642792927108     0.09081456022635997      -0.8978225251250109
0.10043611338471485       -0.12519120227944416     0.09254096378327135      -0.8946777877340302
0.1008293095659506        -0.12487473856810954     0.09426773314816038      -0.8915330503430494
0.10122150860933042       -0.12455703992489243     0.09599486015713275      -0.8883883129520688
0.10161270663625481       -0.1242381094916307      0.09772233728626653      -0.8852435755610879
0.10200289977802365       -0.12391795042234384     0.09945015759510768      -0.8820988381701071
0.10239208417587448       -0.12359656588320177     0.10117831467590116      -0.8789541007791262
0.10278025598102068       -0.12327395905249358     0.10290680260789206      -0.8758093633881454
0.10316741135468957       -0.12295013312059598     0.10463561591611306      -0.8726646259971648
0.10355354646816028       -0.12262509128994183     0.10636474953415209      -0.869519888606184
0.10393865750280175       -0.12229883677498848     0.11152841007154123      -0.8663751512152033
0.1043227406501103        -0.12197137280218597     0.11383579863067876      -0.8632304138242225
0.10470579211174746       -0.12164270260994502     0.11614508814548256      -0.8600856764332415
0.10508780809957748       -0.12131282944860523     0.11845614838190083      -0.8569409390422609
0.10546878483570477       -0.12098175658040271     0.12076885859107392      -0.8537962016512801
0.10584871855251131       -0.12064948727943792     0.12308310663573321      -0.8506514642602994
0.10622760549269383       -0.12031602483164329     0.12539878821044878      -0.8475067268693184
0.10660544190930106       -0.11998137253475073     0.12771580614428366      -0.8443619894783377
0.10698222406577072       -0.11964553369825899     0.1281343204254634       -0.8412172520873568
0.10735794823596649       -0.11930851164340094     0.1311504859984666       -0.8380725146963763
0.1077326107042149        -0.11897030970311072     0.13416718829781105      -0.8349277773053955
0.10810620776534197       -0.11863093122199082     0.1371843384991961       -0.8317830399144148
0.10847873572470998       -0.11829037955627891     0.14020185447282815      -0.8286383025234341
0.10885019089825396       -0.1179486580738148      0.14321966008207732      -0.8254935651324532
0.10922056961251801       -0.11760577015400693     0.14623768456832345      -0.8223488277414724
0.10958986820469183       -0.1172617191877992      0.14925586200992202      -0.8192040903504917
0.10995808302264681       -0.11691650857763718     0.15227413084511296      -0.8160593529595109
0.11032521042497222       -0.11657014173743464     0.15529243345025195      -0.8129146155685301
0.11069124678101104       -0.11622262209253975     0.15831071576604752      -0.8097698781775492
0.11105618847089618       -0.11587395307970118     0.16132892696556603      -0.8066251407865684
0.11142003188558598       -0.11552413814703404     0.16434701915867547      -0.8034804033955878
0.1117827734269001        -0.11517318075398594     0.1673649471283576       -0.8003356660046069
0.11214440950755498       -0.1148210843713027      0.17033209098684782      -0.7971909286136262
0.11250493655119939       -0.11446785248099398     0.17320179495638346      -0.7940461912226454
0.11286435099244976       -0.11411348857629891     0.17607311685206242      -0.7909014538316647
0.11322264927692548       -0.11375799616165154     0.17993123299827166      -0.7877567164406838
0.11357982786128396       -0.11340137875264615     0.18378934543798425      -0.7846119790497031
0.1139358832132558        -0.11304363987600247     0.1876463659994008       -0.7814672416587222
0.11429081181167959       -0.11268478306953092     0.1915022805467642       -0.7783225042677415
0.11464461014653687       -0.11232481188209742     0.1953570749682546       -0.7751777668767607
0.1149972747189867        -0.11196372987358852     0.19921073517531196      -0.77203302948578
0.1153488020414004        -0.11160154061487602     0.2030632471020442       -0.7688882920947994
0.11569918863739591       -0.11123824768778175     0.20691459670472098      -0.7657435547038186
0.11604843104187225       -0.11087385468504204     0.21076476996133545      -0.7625988173128376
0.11639652580104377       -0.11050836521027244     0.2146137528712282       -0.759454079921857
0.11674346947247433       -0.11014178287793172     0.21846153145475794      -0.756309342530876
0.11708925862511124       -0.10977411131328649     0.2223080917530339       -0.7531646051398954
0.11743388983931936       -0.10940535415237501     0.22615341982767204      -0.7500198677489146
0.11777735970691482       -0.10903551504197152     0.23167275933653872      -0.7468751303579336
0.11811966483119861       -0.10866459763955004     0.23368125169276524      -0.743730392966953
0.11846080182699041       -0.10829260561324813     0.23793941990957487      -0.7405856555759721
0.11880076732066196       -0.10791954264183082     0.2421979632096712       -0.7374409181849914
0.11913955795017031       -0.107545412414654       0.24645687637823951      -0.7342961807940107
0.11947717036509124       -0.10717021863162808     0.250716154238636        -0.7311514434030301
0.11981360122665236       -0.10679396500318139     0.25497579164701545      -0.7280067060120492
0.120148847207766         -0.10641665525022342     0.2592357834874697       -0.7248619686210684
0.12048290499306226       -0.10603829310410808     0.2634961246676294       -0.7217172312300877
0.12081577127892174       -0.10565888230659677     0.2677568101146682       -0.7185724938391068
0.12114744277350824       -0.10527842660982138     0.2720178347716701       -0.7154277564481258
0.12147791619680119       -0.10489692977624726     0.2762791935943219       -0.7122830190571452
0.12180718828062827       -0.10451439557863584     0.28054088154789547      -0.7091382816661645
0.12213525576869765       -0.10413082780000746     0.28524126355980006      -0.7059935442751838
0.12246211541663013       -0.10374623023360395     0.2903378792459003       -0.702848806884203
0.12278776399199134       -0.10336060668285106     0.29543314751250216      -0.6997040694932221
0.12311219827432361       -0.10297396096132087     0.3005270407071888       -0.6965593321022413
0.12343541505517784       -0.10258629689269408     0.30561953186525664      -0.6934145947112607
0.12375741113814531       -0.10219761831072223     0.3107105946548849       -0.69026985732028
0.12407818333888919       -0.1018079290591897      0.31580020332764824      -0.6871251199292991
0.12439772848517607       -0.10141723299187579     0.320888332673783        -0.6839803825383184
0.12471604341690731       -0.10102553397251654     0.3259749579816838       -0.6808356451473375
0.12503312498615035       -0.1006328358747666      0.33114086961086886      -0.6776909077563568
0.12534897005716977       -0.1002391425821608      0.33626375017585713      -0.674546170365376
0.12566357550645835       -0.09984445798807587     0.3413870226375814       -0.6714014329743953
0.12597693822276793       -0.09944878599569185     0.34651066603586544      -0.6682566955834144
0.1262890551071402        -0.09905213051795356     0.3516346601329583       -0.6651119581924338
0.12659992307293735       -0.09865449547753181     0.3567589853601304       -0.6619672208014528
0.12690953904587254       -0.09825588480678474     0.3618836227687763       -0.6588224834104722
0.12721789996404043       -0.09785630244771876     0.36715594372622457      -0.6556777460194911
0.1275250027779472        -0.09745575235194974     0.3730657889621738       -0.6525330086285106
0.12783084445054113       -0.09705423848066382     0.3789737639253011       -0.6493882712375298
0.12813542195724217       -0.09665176480457821     0.3848798473675925       -0.6462435338465489
0.12843873228597216       -0.09624833530390214     0.39078401816797953      -0.6430987964555683
0.12874077243718454       -0.09584395396829719     0.39668625532485974      -0.6399540590645875
0.12904153942389396       -0.095438624796838       0.4025865379492936       -0.6368093216736067
0.1293410302717059        -0.09503235179797279     0.4084848452588073       -0.633664584282626
0.129639242018846         -0.09462513898948352     0.4143811565717399       -0.6305198468916451
0.1299361717161894        -0.0942169903984464      0.42027545130209143      -0.6273751095006644
0.13023181642728995       -0.09380791006119181     0.4261677089548074       -0.6242303721096837
0.13052617322840915       -0.09339790202326458     0.4320579091214631       -0.6210856347187028
0.13081923920854507       -0.0929869703393839      0.4379460314763213       -0.6179408973277222
0.1311110114694613        -0.09257511907340321     0.4438239596325504       -0.6147961599367413
0.13140148712571542       -0.09216235229827008     0.44975364126286416      -0.6116514225457604
0.13169066330468757       -0.09174867409598582     0.45562197505672225      -0.6085066851547796
0.13197853714660893       -0.09133408855756524     0.4623537819422441       -0.6053619477637989
0.13226510580458997       -0.09091859978299609     0.46908338258361837      -0.6022172103728183
0.13255036644464868       -0.09050221188119856     0.4758107558016851       -0.5990724729818375
0.13283431624573835       -0.0900849289699846      0.4825358804471644       -0.5959277355908567
0.13311695239977578       -0.08966675517601733     0.48925873540065884      -0.5927829981998759
0.13339827211166883       -0.08924769463477004     0.49558966065030796      -0.5896382608088951
0.13367827259934414       -0.08882775149048544     0.502023816403438        -0.5864935234179144
0.1339569510937747        -0.08840692989613462     0.5084577065667246       -0.5833487860269337
0.13423430483900708       -0.08798523401337592     0.5148913163100307       -0.5802040486359528
0.13451033109218885       -0.08756266801251393     0.5213246309265348       -0.5770593112449719
0.13478502712359564       -0.08713923607245815     0.5277576358239265       -0.5739145738539913
0.13505839021665805       -0.08671494238068157     0.5341903165162196       -0.5707698364630105
0.1353304176679887        -0.08628979113317944     0.5406226586161612       -0.5676250990720296
0.13560110678740878       -0.0858637865344277      0.5470546478281575       -0.5644803616810489
0.13587045489797472       -0.08543693279734134     0.5534862699417084       -0.5613356242900682
0.13613845933600477       -0.0850092341432328      0.5630949165294482       -0.5581908868990875
0.13640511745110517       -0.08458069480177025     0.5691538722236941       -0.5550461495081066
0.13667042660619647       -0.0841513190109357      0.576495448475933        -0.5519014121171258
0.13693438417753953       -0.08372111101698311     0.5838360871502289       -0.5487566747261452
0.1371969875547616        -0.08329007507439641     0.5911757628582347       -0.5456119373351646
0.137458234140882         -0.08285821544584736     0.5985144506172118       -0.5424671999441835
0.13771812135233785       -0.0824255364021536      0.6050311727811407       -0.5393224625532028
0.13797664661900963       -0.08199204222223608     0.6124798768029286       -0.536177725162222
0.13823380738424654       -0.08155773719307707     0.6199273922502992       -0.5330329877712412
0.13848960110489195       -0.08112262560967756     0.6273737015675926       -0.5298882503802604
0.13874402525130833       -0.08068671177501482     0.6348187872071659       -0.5267435129892796
0.1389970773074024        -0.08025                 0.6422626316287072       -0.5235987755982989
0.13924875477065002       -0.0798124946034352      0.649705217298585        -0.520454038207318
0.1394990551521208        -0.07937419991197112     0.657146526689256        -0.5173093008163375
0.13974797597650299       -0.07893512026006388     0.6645865422787073       -0.5141645634253564
0.13999551478212754       -0.07849525998993258     0.6729419928094409       -0.511019826034376
0.14024166912099295       -0.07805462345151591     0.6807588909633723       -0.5078750886433949
0.14048643655878898       -0.0776132150024296      0.6885739674233025       -0.5047303512524144
0.14072981467492116       -0.07717103900792284     0.6963872015225638       -0.5015856138614335
0.14097180106253437       -0.07672809984083562     0.7041985726398176       -0.49844087647045293
0.1412123933285369        -0.07628440188155493     0.7119375429649364       -0.4952961390794719
0.14145158909362404       -0.07583994951797199     0.7200269020639121       -0.492151401688491
0.14168938599230146       -0.07539474714543852     0.7281142299460239       -0.48900666429751033
0.14192578167290884       -0.07494879916672323     0.7361995058338876       -0.48586192690652946
0.14216077379764297       -0.07450210999196862     0.7442827089610234       -0.48271718951554893
0.14239436004258096       -0.0740546840386469      0.7522316871617651       -0.479572452124568
0.14262653809770312       -0.0736065257315168      0.7604500827889732       -0.4764277147335873
0.14285730566691593       -0.07315763950257932     0.7686670361569946       -0.47328297734260627
0.14308666046807456       -0.07270802979103443     0.7768825244582773       -0.4701382399516259
0.14331460023300574       -0.07225770104323656     0.7850965250238495       -0.46699350256064504
0.14354112270752986       -0.07180665771265124     0.7934190426217403       -0.4638487651696643
0.1437662256514835        -0.07135490425981054     0.8015952224433522       -0.4607040277786833
0.1439899068387414        -0.0709024451522694      0.8097694282345863       -0.45755929038770277
0.14421216405723872       -0.07044928486456105     0.818342363304995        -0.45441455299672173
0.14443299510899257       -0.06999542787815308     0.82649736449659         -0.4512698156057411
0.14465239781012412       -0.0695408786814029      0.8346514050545235       -0.44812507821476033
0.14487036999087996       -0.06908564176951347     0.8427651275436688       -0.44498034082377935
0.1450869094956536        -0.0686297216444889      0.8512481746465795       -0.44183560343279876
0.14530201418300678       -0.06817312281508965     0.8597292200242875       -0.43869086604181773
0.14551568192569073       -0.06771584979678838     0.8682082238551311       -0.43554612865083736
0.14572791061066717       -0.06725790711172477     0.8761547319883254       -0.4324013912598563
0.1459386981391291        -0.06679929928866137     0.8845766858626815       -0.42925665386887557
0.14614804242652174       -0.06634003086293831     0.8928204773203019       -0.42611191647789476
0.14635594140256292       -0.06588010637642877     0.9010040441332852       -0.42296717908691406
0.1465623930112638        -0.0654195303774939      0.9091874917304718       -0.4198224416959334
0.1467673952109491        -0.0649583074209379      0.9173707525766216       -0.4166777043049526
0.14697094597427715       -0.06449644206796301     0.9255537608194423       -0.4135329669139718
0.14717304328826014       -0.06403393888612433     0.9330709120679289       -0.41038822952299103
0.14737368515428398       -0.06357080244928467     0.941361493224088        -0.4072434921320103
0.14757286958812796       -0.06310703733756938     0.9493654951539152       -0.40409875474102946
0.14777059461998454       -0.06264264813732096     0.9571133063063921       -0.4009540173500488
0.14796685829447864       -0.06217763944105372     0.9648600336294072       -0.39780927995906773
0.14816165867068715       -0.06171201584740851     0.9726055998140491       -0.3946645425680871
0.148354993822158         -0.06124578196110702     0.980156107477397        -0.39151980517710633
0.1485468618369293        -0.06077894239290638     0.9874573931548225       -0.38837506778612557
0.14873726081754826       -0.060311501759553514    0.9947613500587155       -0.38523033039514476
0.14892618888108974       -0.05984346468373952     1.0020678762567115       -0.38208559300416406
0.14911364415917522       -0.059374835794053935    1.0091061542997384       -0.37894085561318325
0.149299624797991         -0.058905619724938935    1.0156515498903596       -0.3757961182222024
0.1494841289583066        -0.05843582111664355     1.022582862214139        -0.37265138083122173
0.14966715481549303       -0.05796544461517773     1.0292589296533659       -0.369506643440241
0.1498487005595408        -0.05749449487226647     1.0359347360777638       -0.3663619060492602
0.15002876439507773       -0.05702297654530369     1.0426101841838709       -0.36321716865827947
0.15020734454138684       -0.05655089429730625     1.0495401907625428       -0.3600724312672985
0.1503844392324238        -0.05607825279686799     1.0554102271316665       -0.356927693876318
0.15056004671683462       -0.05560505671811311     1.0617915068610795       -0.35378295648533703
0.15073416525797273       -0.05513131074065055     1.0672280483558727       -0.35063821909435633
0.15090679313391633       -0.05465701954952711     1.0726608684174217       -0.3474934817033754
0.1510779286374853        -0.05418218783518165     1.0780899150394838       -0.3443487443123947
0.15124757007625814       -0.05370682029339833     1.0835151370911862       -0.341204006921414
0.15141571577258878       -0.053230921625260316    1.0889364842966403       -0.33805926953043325
0.15158236406362305       -0.052754496537103304    1.094538924983202        -0.3349145321394525
0.15174751330131508       -0.052277549740468936    1.0986855797702166       -0.3317697947484716
0.15191116185244383       -0.05180008595205821     1.1028407822922275       -0.3286250573574909
0.15207330809862898       -0.051322109893684846    1.1070044462340314       -0.32548031996651
0.15223395043634713       -0.050843626292228675    1.1111764859713826       -0.32233558257552947
0.15239308727694756       -0.050364639879588606    1.1149221928933633       -0.3191908451845484
0.1525507170466679        -0.04988515539263629     1.11822050205353         -0.31604610779356795
0.15270683818664987       -0.04940517757316875     1.1215125148844811       -0.3129013704025869
0.15286144915295444       -0.04892471116786201     1.1247982125625136       -0.30975663301160644
0.1530145484165774        -0.048443760928223646    1.1280775765044668       -0.3066118956206254
0.15316613446346417       -0.047962331610546326    1.1313505883655468       -0.303467158229645
0.15331620579452504       -0.04748042797586019     1.1346172300372168       -0.30032242083866384
0.15346476092564978       -0.046998054789886334    1.1378774836450942       -0.2971776834476832
0.15361179838772246       -0.04651521682298929     1.1411313315469453       -0.2940329460567024
0.15375731672663598       -0.046031918850129964    1.1443787563306782       -0.29088820866572146
0.15390131450330627       -0.045548165650818546    1.1476197408124003       -0.28774347127474087
0.15404379029368687       -0.04506396200906694     1.150854268034516        -0.2845987338837599
0.15418474268878252       -0.04457931271334187     1.1495481961692784       -0.28145399649277936
0.15432417029466364       -0.044094222556517036    1.150720112218708        -0.27830925910179843
0.15446207173247967       -0.04360869633582624     1.1514214030111243       -0.27516452171081784
0.15459844563847297       -0.043122738852815416    1.15831333573134         -0.272019784319837
0.1547332906639922        -0.04263635491329567     1.159367166336512        -0.2688750469288563
0.15486660547550563       -0.04214954932729524     1.1604198435370747       -0.26573030953787535
0.15499838875461444       -0.0416623269090124      1.1614713643373242       -0.2625855721468946
0.15512863919806563       -0.04117469247676749     1.1625217257340994       -0.25944083475591384
0.15525735551776507       -0.04068665085295546     1.163570924716692        -0.2562960973649331
0.15538453644079006       -0.040198206863998116    1.1646189582667545       -0.25315135997395233
0.15551018070940203       -0.039709365340296364    1.1656658233581718       -0.25000662258297135
0.15563428708105886       -0.039220131116182604    1.1667115169569848       -0.24686188519199084
0.15575685432842742       -0.03873050902987258     1.1677560360212853       -0.24371714780100984
0.1558778812393954        -0.038240503923418       1.1687993775011138       -0.2405724104100293
0.1559973666170835        -0.037750120642658126    1.169841538338366        -0.23742767301904835
0.1561153092798572        -0.0372593640371724      1.170882515466703        -0.2342829356280677
0.15623170806133843       -0.03676823896023195     1.171922305811446        -0.23113819823708684
0.15634656181041717       -0.036276750268752066    1.1738026448150884       -0.22799346084610606
0.15645986939126275       -0.03578490282324383     1.173802760905602        -0.22484872345512533
0.1565716296833351        -0.03529270148776621     1.1738041200056182       -0.22170398606414451
0.15668184158139595       -0.03480015112987793     1.173806722425219        -0.21855924867316376
0.15679050399551955       -0.034307256620589296    1.1738105684557354       -0.21541451128218309
0.15689761585110362       -0.033814022834314075    1.1738156583697346       -0.2122697738912023
0.15700317608887995       -0.033320454648821274    1.1738219924209956       -0.20912503650022152
0.15710718366492477       -0.03282655694518688     1.1738295708444897       -0.20598029910924087
0.1572096375506692        -0.032332334607745566    1.174827798206046        -0.2028355617182598
0.15731053673290935       -0.031837792524042584    1.174975804586727        -0.1996908243272792
0.15740988021381638       -0.03134293558478502     1.1751278545912673       -0.19654608693629824
0.15750766701094632       -0.030847768683793932    1.1752839449208154       -0.19340134954531746
0.15760389615724982       -0.030352296717955557    1.175444072141157        -0.19025661215433673
0.15769856670108176       -0.02985652458717306     1.1756082326829596       -0.187111874763356
0.15779167770621053       -0.029360457194318058    1.1757764228420122       -0.18396713737237527
0.15788322825182743       -0.028864099445182114    1.1759486387794889       -0.18082239998139452
0.15797321743255568       -0.028367456248428236    1.1761248765222077       -0.17767766259041373
0.1580616443584594        -0.027870532515542324    1.176305131962915        -0.17453292519943295
0.15814850815505244       -0.027373333160784604    1.1764894008605618       -0.17138818780845225
0.15823380796330702       -0.02687586310114103     1.1766776788406073       -0.16824345041747146
0.1583175429396622        -0.02637812725627465     1.1768699613953115       -0.1650987130264907
0.15839971225603217       -0.025880130548476956    1.1770662438840727       -0.16195397563550998
0.15848031509981464       -0.02538187790261919     1.1772665215337235       -0.158809238244529
0.1585593506738986        -0.024883374246103776    1.1774707894388738       -0.15566450085354844
0.15863681819667239       -0.024384624508815247    1.1776790425622672       -0.1525197634625675
0.15871271690203143       -0.02388563362307196     1.1778912757351123       -0.1493750260715867
0.1587870460393857        -0.023386406523576927    1.1781074836574452       -0.14623028868060597
0.15885980487366724       -0.022886948147369218    1.1783276608985194       -0.1430855512896252
0.15893099268533736       -0.022387263433775065    1.1776279729851138       -0.13994081389864443
0.1590006087703938        -0.021887357324359036    1.1774914065776523       -0.13679607650766365
0.15906865244037766       -0.021387234762875178    1.1769466584165673       -0.13365133911668295
0.15913512302238025       -0.02088690069521809     1.1793188499500007       -0.13050660172570216
0.15920001985904975       -0.02038636006937405     1.1789834335060358       -0.1273618643347214
0.1592633423085976        -0.019885617835372016    1.1786601623529653       -0.12421712694374043
0.159325089744805         -0.01938467894523488     1.1783490502276448       -0.12107238955275992
0.159385261557029         -0.018883548352930074    1.174313215992407        -0.11792765216177895
0.15944385715020862       -0.018382231014321137    1.1743685491301181       -0.11478291477079837
0.15950087594487058       -0.017880731887118126    1.174437299344861        -0.1116381773798174
0.15955631737713524       -0.01737905593082915     1.174519463569014        -0.10849343998883686
0.15961018089872206       -0.01687720810671077     1.1746150382150062       -0.10534870259785589
0.15966246597695494       -0.016375193377719446    1.1747240191759303       -0.10220396520687514
0.1597131720947677        -0.01587301670846209     1.1748464018262146       -0.09905922781589437
0.15976229875070902       -0.01537068306514714     1.1749821810223962       -0.09591449042491364
0.15980984545894744       -0.014868197415535392    1.175131351103975        -0.09276975303393287
0.15985581174927627       -0.014365564728890865    1.1752939058943612       -0.08962501564295189
0.15990019716711798       -0.013862789975931818    1.1754698387018905       -0.08648027825197135
0.15994300127352906       -0.01335987812878121     1.175659142320947        -0.08333554086099038
0.15998422364520398       -0.012856834160918054    1.1758618090331472       -0.08019080347000986
0.16002386387447978       -0.012353663047127674    1.17607783060862         -0.07704606607902885
0.16006192156933965       -0.01185036976345307     1.1763071983073754       -0.07390132868804832
0.1600983963534172        -0.011346959287145134    1.1763633953916077       -0.07075659129706738
0.16013328786599998       -0.01084343659661401     1.1763023873207867       -0.06761185390608682
0.16016659576203304       -0.010339806671379282    1.1762570642153432       -0.06446711651510585
0.16019831971212248       -0.009836074492021304    1.17622742828088         -0.061322379124125304
0.16022845940253855       -0.009332245040131372    1.1762134809515707       -0.058177641733144325
0.16025701453521887       -0.008828323298262959    1.1762152228898761       -0.05503290434216336
0.16028398482777126       -0.008324314249882224    1.1762326539864136       -0.05188816695118281
0.1603093700134767        -0.007820222879318526    1.1762657733599682       -0.048743429560201834
0.1603331698412918        -0.007316054171715618    1.176314579357679        -0.0455986921692213
0.1603553840758514        -0.006811813112981783    1.176379069555368        -0.042453954778240315
0.16037601249747074       -0.006307504689741095    1.1764592407580277       -0.03930921738725979
0.16039505490214795       -0.0058031338892835386   1.1765550890004637       -0.036164479996278816
0.16041251110156562       -0.005298705699516248    1.1766666095480909       -0.033019742605298275
0.1604283809230931        -0.004794225108913624    1.1767937968978825       -0.029875005214317296
0.1604426642097879        -0.004289697106468521    1.1769366447794851       -0.02673026782333654
0.16045536082039738       -0.0037851266816425295   1.177095146156457        -0.023585530432355787
0.16046647062936015       -0.003280518824316802    1.177269293227704        -0.020440793041375027
0.16047599352680722       -0.0027758785247426762   1.1774590774290246       -0.017296055650394274
0.1604839294185632        -0.0022712107734923228   1.1759510752885942       -0.014151318259413515
0.16049027822614714       -0.0017665205614093927   1.1771889838062146       -0.011006580868432737
0.16049503988677338       -0.0012618128795596239   1.1770296066814248       -0.00786184347745177
0.1604982143533521        -7.570927191816621E-4    1.1768855707948322       -0.004717106086471242
0.1604998015944899        -2.523650716373083E-4    1.1767568833981912       -0.001572368695490252
0.1604998015944899        2.523650716373083E-4     1.176643550971151        0.001572368695490271
0.1604982143533521        7.570927191816621E-4     1.17654557922            0.004717106086471245
0.16049503988677338       0.0012618128795596594    1.1764629730765084       0.007861843477452009
0.16049027822614714       0.0017665205614093927    1.176395736696977        0.011006580868432755
0.1604839294185632        0.0022712107734923228    1.1763438734613654       0.014151318259413516
0.16047599352680722       0.0027758785247426762    1.1763073859726525       0.017296055650394267
0.16046647062936015       0.003280518824316802     1.1762862760563015       0.020440793041375027
0.16045536082039738       0.0037851266816425295    1.1762805447599047       0.023585530432355787
0.1604426642097879        0.004289697106468521     1.1762901923529618       0.026730267823336533
0.1604283809230931        0.004794225108913624     1.1763152183268362       0.029875005214317303
0.16041251110156562       0.005298705699516212     1.176355621394847        0.03301974260529806
0.16039505490214795       0.0058031338892835386    1.1764113994925458       0.03616447999627881
0.16037601249747074       0.00630750468974106      1.1764825497780962       0.03930921738725957
0.16035538407585137       0.006811813112981818     1.176569068632861        0.04245395477824055
0.1603331698412918        0.007316054171715618     1.1766709516621259       0.04559869216922131
0.1603093700134767        0.00782022287931856      1.176788193695961        0.04874342956020204
0.16028398482777126       0.008324314249882224     1.176920788790252        0.05188816695118281
0.16025701453521884       0.008828323298262993     1.1770687302278942       0.055032904342163576
0.16022845940253855       0.009332245040131372     1.1772320105201195       0.058177641733144325
0.16019831971212248       0.00983607449202127      1.1763271377155828       0.061322379124125075
0.16016659576203304       0.010339806671379282     1.1765081303783151       0.06446711651510582
0.16013328786599998       0.010843436596613975     1.176703259180178        0.06761185390608661
0.1600983963534172        0.011346959287145134     1.176851346308853        0.07075659129706736
0.16006192156933965       0.011850369763453035     1.1770198037263713       0.07390132868804812
0.16002386387447978       0.01235366304712771      1.1772009841824997       0.07704606607902909
0.159984223645204         0.01285683416091802      1.177415335125545        0.08019080347000963
0.15994300127352903       0.013359878128781245     1.1773353892596101       0.08333554086099058
0.15990019716711798       0.013862789975931782     1.1772673439877384       0.08648027825197113
0.15985581174927624       0.014365564728890902     1.1772112020794399       0.08962501564295214
0.15980984545894744       0.014868197415535392     1.1771669657874047       0.0927697530339329
0.15976229875070902       0.01537068306514714      1.1771346368471312       0.09591449042491364
0.1597131720947677        0.01587301670846209      1.177114216476656        0.09905922781589437
0.15966246597695494       0.016375193377719446     1.1771057053763654       0.10220396520687514
0.15961018089872206       0.01687720810671077      1.1771091037288761       0.10534870259785588
0.15955631737713527       0.017379055930829116     1.1771244111990073       0.10849343998883663
0.15950087594487058       0.01788073188711816      1.1771516269338353       0.11163817737981761
0.15944385715020862       0.018382231014321102     1.1771907495628215       0.11478291477079818
0.159385261557029         0.01888354835293011      1.177241777198034        0.11792765216177914
0.159325089744805         0.019384678945234844     1.177304707434435        0.12107238955275969
0.1592633423085976        0.01988561783537205      1.1773795373502682       0.12421712694374064
0.15920001985904975       0.020386360069374013     1.1774662635075093       0.1273618643347212
0.15913512302238025       0.02088690069521809      1.1775648819524112       0.1305066017257022
0.15906865244037766       0.021387234762875143     1.1764429363806532       0.13365133911668273
0.1590006087703938        0.021887357324359036     1.1766994402676934       0.13679607650766368
0.15893099268533736       0.0223872634337751       1.176964655550924        0.13994081389864466
0.15885980487366724       0.022886948147369218     1.1772385734731508       0.1430855512896252
0.1587870460393857        0.023386406523576965     1.1775211849973972       0.1462302886806062
0.15871271690203143       0.02388563362307196      1.1778124808079287       0.14937502607158676
0.15863681819667239       0.02438462450881528      1.1772238006360072       0.15251976346256765
0.1585593506738986        0.024883374246103738     1.177272308805393        0.15566450085354822
0.15848031509981464       0.02538187790261922      1.1773267085823527       0.1588092382445292
0.15839971225603217       0.025880130548476918     1.1773869991150534       0.16195397563550973
0.1583175429396622        0.02637812725627465      1.177453179443708        0.1650987130264907
0.15823380796330702       0.02687586310114099      1.1775252485006067       0.16824345041747127
0.15814850815505244       0.027373333160784604     1.1776032051102052       0.17138818780845222
0.1580616443584594        0.027870532515542324     1.177687047989172        0.17453292519943298
0.15797321743255568       0.028367456248428236     1.177776775746476        0.17767766259041368
0.15788322825182743       0.028864099445182114     1.1778723868834629       0.1808223999813945
0.15779167770621053       0.029360457194318058     1.1779738797939359       0.18396713737237524
0.15769856670108176       0.029856524587173097     1.1780812527642712       0.18711187476335622
0.15760389615724982       0.030352296717955557     1.178149968314741        0.19025661215433678
0.1575076670109463        0.030847768683793967     1.1773804656122673       0.19340134954531774
0.15740988021381638       0.03134293558478502      1.176615150394317        0.19654608693629824
0.15731053673290935       0.031837792524042584     1.1758540434481077       0.19969082432727925
0.1572096375506692        0.032332334607745566     1.1750594975205382       0.2028355617182598
0.15710718366492477       0.03282655694518688      1.1740257987236449       0.2059802991092408
0.15700317608887995       0.033320454648821274     1.172994445521482        0.20912503650022152
0.15689761585110362       0.033814022834314075     1.1719654448033683       0.21226977389120227
0.15679050399551955       0.034307256620589296     1.1709388034503123       0.21541451128218303
0.15668184158139595       0.03480015112987793      1.1699145283352188       0.2185592486731638
0.1565716296833351        0.03529270148776621      1.168892626323071        0.22170398606414454
0.15645986939126275       0.03578490282324383      1.167873104271136        0.22484872345512524
0.15634656181041717       0.036276750268752066     1.1678756954294425       0.22799346084610606
0.15623170806133843       0.03676823896023195      1.1675721942930395       0.23113819823708687
0.1561153092798572        0.03725936403717237      1.167264957924847        0.23428293562806757
0.1559973666170835        0.037750120642658126     1.1669539892936607       0.23742767301904838
0.1558778812393954        0.038240503923418        1.1666392914058772       0.24057241041002925
0.15575685432842742       0.038730509029872615     1.166320867305456        0.24371714780101003
0.15563428708105886       0.039220131116182604     1.165998720073909        0.24686188519199076
0.155510180709402         0.03970936534029639      1.1656728528302365       0.25000662258297157
0.15538453644079006       0.040198206863998116     1.1650945349080941       0.2531513599739523
0.15525735551776507       0.04068665085295546      1.164678928089513        0.25629609736493314
0.15512863919806563       0.04117469247676749      1.1642654142557831       0.25944083475591384
0.15499838875461444       0.0416623269090124       1.1609449802763918       0.2625855721468946
0.15486660547550563       0.04214954932729524      1.1589687079957758       0.26573030953787535
0.1547332906639922        0.04263635491329564      1.1569853772798617       0.2688750469288561
0.15459844563847297       0.043122738852815416     1.1549949960697394       0.272019784319837
0.1544620717324797        0.0436086963358262       1.1529975724067518       0.27516452171081757
0.15432417029466364       0.044094222556517064     1.1509931144324501       0.2783092591017986
0.15418474268878254       0.04457931271334183      1.148981630388521        0.2814539964927791
0.15404379029368684       0.045063962009066975     1.1469631286167197       0.2845987338837601
0.15390131450330627       0.045548165650818546     1.1449376175588168       0.28774347127474087
0.15375731672663598       0.046031918850129985     1.1429051057565234       0.29088820866572157
0.15361179838772246       0.04651521682298929      1.1408656018514467       0.29403294605670244
0.15346476092564978       0.046998054789886334     1.1382804223333283       0.297177683447683
0.15331620579452504       0.04748042797586019      1.135771221056976        0.30032242083866384
0.1531661344634642        0.047962331610546284     1.1332683139147297       0.3034671582296446
0.1530145484165774        0.048443760928223646     1.13077172894512         0.3066118956206254
0.15286144915295447       0.04892471116786198      1.1263117889525058       0.3097566330116061
0.15270683818664985       0.04940517757316878      1.1222938785386443       0.3129013704025872
0.15255071704666792       0.04988515539263626      1.118271360742717        0.31604610779356773
0.15239308727694753       0.050364639879588634     1.1142442644214232       0.3191908451845486
0.15223395043634716       0.05084362629222864      1.1102126188204247       0.32233558257552913
0.15207330809862898       0.051322109893684874     1.1061764535803014       0.32548031996651017
0.15191116185244383       0.051800085952058185     1.1021357987426403       0.32862505735749076
0.15174751330131508       0.052277549740468936     1.0977692986097392       0.3317697947484717
0.15158236406362305       0.052754496537103304     1.0930901326527647       0.33491453213945244
0.15141571577258878       0.053230921625260316     1.0884156467180273       0.33805926953043325
0.15124757007625814       0.05370682029339833      1.0832618452357579       0.341204006921414
0.1510779286374853        0.05418218783518165      1.0777949772367585       0.3443487443123947
0.1509067931339163        0.05465701954952715      1.0723261268376272       0.3474934817033757
0.15073416525797273       0.055131310740650516     1.0668553531957898       0.35063821909435616
0.15056004671683462       0.055605056718113145     1.0609745823032073       0.3537829564853372
0.15038443923242384       0.056078252796867956     1.0551648261607374       0.35692769387631773
0.15020734454138684       0.05655089429730629      1.0490747934988967       0.3600724312672987
0.15002876439507776       0.05702297654530365      1.0425528370668318       0.36321716865827924
0.1498487005595408        0.05749449487226647      1.0360305401211427       0.3663619060492602
0.14966715481549306       0.05796544461517771      1.0295079930968447       0.3695066434402408
0.1494841289583066        0.05843582111664355      1.02298528836441         0.37265138083122173
0.149299624797991         0.058905619724938935     1.0156589643874034       0.37579611822220244
0.14911364415917522       0.059374835794053935     1.0094478127285016       0.37894085561318314
0.14892618888108974       0.059843464683739564     1.002128620978942        0.3820855930041641
0.14873726081754826       0.060311501759553514     0.9948119223027209       0.3852303303951448
0.1485468618369293        0.06077894239290641      0.9874978196772441       0.3883750677861257
0.148354993822158         0.06124578196110702      0.980186418559703        0.3915198051771064
0.14816165867068712       0.06171201584740854      0.9725473601674862       0.39466454256808736
0.14796685829447864       0.06217763944105372      0.9647712047732598       0.3978092799590678
0.14777059461998454       0.06264264813732096      0.9569940888363174       0.4009540173500488
0.147572869588128         0.06310703733756935      0.9492160956794521       0.40409875474102924
0.14737368515428398       0.06357080244928467      0.9411473715125676       0.4072434921320103
0.14717304328826014       0.06403393888612433      0.9336768173954814       0.41038822952299103
0.14697094597427715       0.06449644206796301      0.9255354217094018       0.41353296691397184
0.1467673952109491        0.0649583074209379       0.9173945383738221       0.4166777043049526
0.1465623930112638        0.0654195303774939       0.9092542384714212       0.4198224416959334
0.14635594140256292       0.06588010637642877      0.9011145949398487       0.42296717908691406
0.14614804242652174       0.06634003086293831      0.8928397684732341       0.42611191647789476
0.1459386981391291        0.06679929928866137      0.8843813039322597       0.42925665386887557
0.14572791061066717       0.06725790711172482      0.8759207788455363       0.43240139125985655
0.14551568192569075       0.06771584979678834      0.8676091822694147       0.4355461286508371
0.14530201418300676       0.06817312281508968      0.859457607560246        0.43869086604181806
0.1450869094956536        0.06862972164448888      0.8513057075154642       0.44183560343279865
0.14487036999087996       0.0690856417695135       0.8431535281714821       0.4449803408237795
0.14465239781012415       0.06954087868140288      0.8348899435945816       0.4481250782147601
0.14443299510899257       0.06999542787815308      0.8265040313877254       0.4512698156057411
0.14421216405723872       0.07044928486456102      0.8181154511786892       0.4544145529967216
0.1439899068387414        0.0709024451522694       0.8097242331887435       0.45755929038770266
0.14376622565148353       0.07135490425981052      0.8013304079793899       0.4607040277786831
0.14354112270752986       0.07180665771265121      0.7929340064690794       0.46384876516966417
0.14331460023300577       0.07225770104323652      0.7846392637879203       0.46699350256064465
0.14308666046807458       0.0727080297910344       0.7766111863691306       0.4701382399516256
0.14285730566691593       0.07315763950257931      0.768582197380838        0.4732829773426062
0.14262653809770312       0.07360652573151677      0.760458439390035        0.47642771473358714
0.14239436004258096       0.07405468403864686      0.7524021536191919       0.47957245212456767
0.14216077379764294       0.07450210999196864      0.7443434196611838       0.4827171895155491
0.14192578167290884       0.07494879916672326      0.7362822599947645       0.4858619269065296
0.14168938599230146       0.07539474714543849      0.7282186971538939       0.48900666429751016
0.14145158909362404       0.07583994951797202      0.720152753729686        0.4921514016884911
0.1412123933285369        0.07628440188155497      0.7120844523724708       0.4952961390794721
0.14097180106253437       0.07672809984083559      0.7040138157940272       0.4984408764704527
0.14072981467492116       0.07717103900792281      0.6964006721476043       0.5015856138614332
0.14048643655878898       0.07761321500242957      0.6889611425348481       0.5047303512524142
0.14024166912099292       0.07805462345151594      0.6807851578099137       0.5078750886433951
0.13999551478212757       0.07849525998993255      0.6731329483582258       0.5110198260343758
0.13974797597650299       0.07893512026006384      0.6654782508052667       0.5141645634253562
0.1394990551521208        0.07937419991197114      0.6578210871629693       0.5173093008163375
0.13924875477065          0.07981249460343524      0.6501614794815463       0.5204540382073184
0.1389970773074024        0.08024999999999997      0.6424994498502548       0.5235987755982987
0.13874402525130836       0.08068671177501478      0.6348350203981804       0.5267435129892793
0.13848960110489192       0.08112262560967759      0.6271682132951362       0.5298882503802607
0.13823380738424654       0.08155773719307707      0.6194990507526059       0.5330329877712413
0.13797664661900963       0.08199204222223604      0.6114925524021922       0.5361777251622216
0.13771812135233785       0.0824255364021536       0.6044258253513506       0.5393224625532028
0.137458234140882         0.08285821544584739      0.5973587584688375       0.5424671999441837
0.13719698755476162       0.08329007507439637      0.5902913677188283       0.5456119373351642
0.1369343841775396        0.08372111101698304      0.5832236691505339       0.5487566747261446
0.13667042660619644       0.08415131901093574      0.5760789039037187       0.5519014121171262
0.13640511745110517       0.08458069480177025      0.5690291856823897       0.5550461495081066
0.1361384593360048        0.08500923414323278      0.5619775258360936       0.5581908868990872
0.13587045489797475       0.08543693279734127      0.5549239552326583       0.5613356242900679
0.13560110678740872       0.08586378653442772      0.5478685052853023       0.5644803616810492
0.1353304176679887        0.08628979113317944      0.5408112079868923       0.5676250990720296
0.13505839021665808       0.08671494238068155      0.5337520959469155       0.5707698364630102
0.13478502712359566       0.08713923607245809      0.5266912024314855       0.5739145738539909
0.13451033109218882       0.08756266801251397      0.520935448837804        0.5770593112449721
0.13423430483900708       0.08798523401337592      0.5145235853534428       0.5802040486359528
0.1339569510937747        0.08840692989613456      0.5081110818947744       0.5833487860269333
0.1336782725993441        0.0888277514904855       0.5016979577143933       0.5864935234179149
0.13339827211166883       0.08924769463477006      0.49528423234427604      0.5896382608088953
0.13311695239977578       0.08966675517601731      0.4888699256147611       0.5927829981998758
0.13283431624573838       0.09008492896998455      0.4810058202561275       0.5959277355908563
0.13255036644464865       0.09050221188119859      0.4748684356181301       0.5990724729818377
0.13226510580458997       0.09091859978299609      0.46873022485370947      0.6022172103728182
0.13197853714660893       0.09133408855756522      0.46259120204925985      0.6053619477637988
0.13169066330468757       0.09174867409598578      0.4564513813041195       0.6085066851547793
0.1314014871257154        0.0921623522982701       0.45031077673182784      0.6116514225457608
0.1311110114694613        0.09257511907340321      0.4441694024615132       0.6147961599367413
0.1308192392085451        0.09298697033938386      0.43802727263936814      0.6179408973277218
0.13052617322840915       0.09339790202326456      0.4318844014302778       0.6210856347187028
0.13023181642728993       0.09380791006119182      0.4257408030195788       0.6242303721096839
0.12993617171618943       0.09421699039844637      0.4197479570086392       0.6273751095006643
0.12963924201884602       0.09462513898948349      0.41391808983835         0.6305198468916449
0.12934103027170585       0.09503235179797283      0.4080868262318395       0.6336645842826264
0.12904153942389396       0.09543862479683801      0.40225418555752174      0.6368093216736068
0.12874077243718454       0.09584395396829716      0.3964201873618641       0.6399540590645874
0.1284387322859722        0.0962483353039021       0.39058485138171134      0.643098796455568
0.12813542195724212       0.09665176480457827      0.3847481975577304       0.6462435338465493
0.12783084445054113       0.09705423848066382      0.3786161047701927       0.64938827123753
0.12752500277794723       0.0974557523519497       0.3733249344875051       0.6525330086285104
0.12721789996404043       0.09785630244771876      0.3680336747904232       0.6556777460194912
0.12690953904587252       0.09825588480678477      0.36274234154057117      0.6588224834104724
0.12659992307293735       0.09865449547753181      0.35745095094062107      0.6619672208014529
0.12628905510714022       0.09905213051795352      0.3521595195611087       0.6651119581924334
0.12597693822276793       0.09944878599569185      0.34686806436971007      0.6682566955834144
0.12566357550645832       0.09984445798807587      0.3415766027632206       0.6714014329743955
0.12534897005716977       0.10023914258216077      0.33642889816351956      0.6745461703653758
0.12503312498615032       0.1006328358747666       0.33125072133189615      0.6776909077563569
0.12471604341690727       0.10102553397251658      0.3260708772325039       0.680835645147338
0.12439772848517607       0.10141723299187579      0.3208893899383691       0.6839803825383184
0.12407818333888922       0.10180792905918966      0.3157062839265008       0.6871251199292989
0.12375741113814531       0.10219761831072223      0.31052158410969993      0.69026985732028
0.12343541505517783       0.10258629689269412      0.3053353158716421       0.693414594711261
0.12311219827432361       0.10297396096132087      0.30014750510563815      0.6965593321022414
0.12278776399199136       0.10336060668285105      0.29495817825752674      0.6997040694932221
0.12246211541663013       0.10374623023360395      0.2891997472882068       0.7028488068842029
0.12213525576869763       0.10413082780000749      0.28494637328065386      0.7059935442751839
0.12180718828062827       0.10451439557863584      0.2806935164846396       0.7091382816661645
0.12147791619680116       0.10489692977624729      0.2764411827514761       0.7122830190571454
0.12114744277350824       0.10527842660982138      0.27218937803476184      0.7154277564481258
0.12081577127892174       0.10565888230659677      0.26793810840103827      0.7185724938391069
0.12048290499306227       0.10603829310410805      0.2636873800414695       0.7217172312300875
0.120148847207766         0.10641665525022342      0.2594371992846404       0.7248619686210684
0.11981360122665234       0.1067939650031814       0.255187572610621        0.7280067060120493
0.11947717036509124       0.10717021863162808      0.25093850666643575      0.73115144340303
0.11913955795017032       0.10754541241465397      0.24669000828310683      0.7342961807940105
0.11880076732066196       0.10791954264183082      0.24244208449447108      0.7374409181849914
0.1184608018269904        0.10829260561324817      0.23819474255798082      0.7405856555759724
0.11811966483119861       0.10866459763955004      0.2339479899777466       0.7437303929669529
0.11777735970691479       0.10903551504197156      0.2297018345301043       0.7468751303579341
0.11743388983931939       0.10940535415237501      0.2254562842920464       0.7500198677489145
0.11708925862511124       0.10977411131328649      0.22121134767288952      0.7531646051398954
0.11674346947247434       0.11014178287793172      0.217132477142724        0.756309342530876
0.11639652580104377       0.11050836521027245      0.2128019633066233       0.759454079921857
0.11604843104187228       0.11087385468504203      0.20847188727478616      0.7625988173128374
0.11569918863739591       0.11123824768778175      0.2084141216234362       0.7657435547038185
0.11534880204140043       0.11160154061487601      0.20455605558190199      0.7688882920947991
0.1149972747189867        0.11196372987358852      0.19607878317484284      0.77203302948578
0.11464461014653685       0.11232481188209746      0.19302903203158717      0.775177766876761
0.11429081181167959       0.11268478306953092      0.18997971258092197      0.7783225042677416
0.11393588321325576       0.11304363987600251      0.18693084957147726      0.7814672416587226
0.11357982786128397       0.11340137875264614      0.18388246916724954      0.784611979049703
0.11322264927692546       0.11375799616165157      0.18083459906730104      0.7877567164406841
0.11286435099244978       0.11411348857629891      0.17778726863767105      0.7909014538316647
0.11250493655119938       0.11446785248099398      0.17474050905695407      0.7940461912226454
0.112144409507555         0.11482108437130267      0.17169435347724218      0.7971909286136261
0.11178277342690009       0.11517318075398596      0.16864883720233337      0.8003356660046071
0.111420031885586         0.11552413814703402      0.16560399788542182      0.8034804033955876
0.11105618847089617       0.11587395307970119      0.16255987574876676      0.8066251407865686
0.11069124678101107       0.11622262209253974      0.15951651382826898      0.809769878177549
0.1103252104249722        0.11657014173743464      0.15647395824626464      0.81291461556853
0.10995808302264681       0.1169165085776372       0.15343225851643547      0.816059352959511
0.10958986820469185       0.1172617191877992       0.15039146788528587      0.8192040903504916
0.10922056961251798       0.11760577015400694      0.14735164371540385      0.8223488277414726
0.10885019089825396       0.11794865807381479      0.1443128479165722       0.8254935651324531
0.10847873572470998       0.11829037955627893      0.14127514743180739      0.8286383025234341
0.10810620776534198       0.1186309312219908       0.13823861478664065      0.8317830399144146
0.10773261070421489       0.11897030970311075      0.13769368969624893      0.8349277773053956
0.1073579482359665        0.11930851164340094      0.13497296811570872      0.8380725146963761
0.1069822240657707        0.11964553369825902      0.12832386765169448      0.8412172520873572
0.10660544190930107       0.11998137253475072      0.12632047821227743      0.8443619894783376
0.10622760549269382       0.1203160248316433       0.12431808916023501      0.8475067268693186
0.10584871855251127       0.12064948727943793      0.12231674272594241      0.8506514642602996
0.10546878483570477       0.12098175658040271      0.12031648399586056      0.8537962016512801
0.10508780809957749       0.1213128294486052       0.11831736115119272      0.8569409390422608
0.10470579211174746       0.12164270260994502      0.11724405742601224      0.8600856764332416
0.10432274065011027       0.12197137280218597      0.11491685567743255      0.8632304138242226
0.10393865750280176       0.12229883677498848      0.11258877109947353      0.8663751512152031
0.10355354646816034       0.1226250912899418       0.11025981472691278      0.8695198886061836
0.10316741135468958       0.12295013312059595      0.10792999762301206      0.8726646259971647
0.10278025598102067       0.12327395905249358      0.10559933088111763      0.8758093633881455
0.10239208417587448       0.12359656588320177      0.10326782562649174      0.8789541007791263
0.10200289977802364       0.12391795042234384      0.10093549301842009      0.8820988381701071
0.1016127066362548        0.12423810949163071      0.09860234425263639      0.885243575561088
0.10122150860933042       0.12455703992489243      0.09626839056412193      0.8883883129520688
0.10082930956595063       0.12487473856810953      0.09393364323034059      0.8915330503430492
0.10043611338471485       0.12519120227944416      0.09159811357499201      0.8946777877340303
0.10004192395408376       0.1255064279292711       0.08926181297237913      0.8978225251250112
0.09964674517234062       0.12582041240020878      0.08692475285250033      0.9009672625159916
0.09925058094755261       0.1261331525871502       0.08458694470701275      0.9041119999069721
0.09885343519753235       0.12644464539729341      0.08577602789050164      0.9072567372979531
0.09845531184979922       0.12675488775017232      0.08422209251785373      0.9104014746889341
0.09805621484154041       0.127063876577687        0.08266933632475071      0.9135462120799147
0.09765614811957189       0.12737160882413412      0.08111780626723283      0.9166909494708954
0.09725511564029944       0.1276780814462372       0.07828969151802555      0.9198356868618767
0.09685312136967991       0.1279832914131765       0.07682019269447109      0.9229804242528572
0.09645016928318126       0.12828723570661923      0.07535029000145309      0.9261251616438377
0.09604626336574376       0.12858991132074937      0.07387999080086834      0.9292698990348187
0.09564140761174056       0.12889131526229722      0.07240930255666707      0.9324146364257997
0.09523560602493807       0.12919144455056913      0.07093823284485168      0.9355593738167803
0.0948288626184563        0.129490296217477        0.06946678936475877      0.9387041112077608
0.09442118141472924       0.12978786730756767      0.06799497995182233      0.9418488485987417
0.0940125664454652        0.1300841548780519       0.06652281259204673      0.9449935859897228
0.0936030217516069        0.13037915599883368      0.06505029543846058      0.9481383233807033
0.09319255138329124       0.13067286775253928      0.06357743682987498      0.9512830607716837
0.09278115939980947       0.13096528723454606      0.06210424531233024      0.9544277981626653
0.09236884986956735       0.13125641155301074      0.06063072966369146      0.9575725355536456
0.09195562687004423       0.13154623782889877      0.059156898921935035     0.9607172729446262
0.09154149448775323       0.1318347631960123       0.05768276241780229      0.9638620103356068
0.09112645681820059       0.13212198480101875      0.056208329812610834     0.9670067477265882
0.09071051796584555       0.13240789980347853      0.05558869640604776      0.9701514851175688
0.09029368204405919       0.132692505375874        0.054597297277536205     0.9732962225085493
0.08987595317508407       0.13297579870363666      0.053606458579801626     0.9764409598995303
0.08945733548999354       0.13325777698517538      0.052616194682601904     0.9795856972905113
0.08903783312865081       0.13353843743190397      0.05162652115875665      0.9827304346814918
0.08861745023966781       0.1338177772682688       0.05063745490127743      0.9858751720724723
0.08819619098036433       0.13409579373177632      0.049649014254207535     0.9890199094634538
0.08777405951672719       0.13437248407302008      0.04853660672029897      0.9921646468544343
0.08735106002336847       0.13464784555570833      0.04747799581359767      0.9953093842454148
0.08692719668348456       0.13492187545669085      0.046419300994763484     0.9984541216363955
0.08650247368881471       0.13519457106598592      0.045360539193459115     1.0015988590273768
0.08607689523959988       0.13546592968680704      0.04430172846687294      1.0047435964183573
0.08565046554454066       0.13573594863558971      0.04324288813727098      1.0078883338093378
0.08522318882075598       0.13600462524201806      0.042184038950219216     1.0110330712003184
0.08479506929374124       0.13627195684905102      0.04112520325717926      1.0141778085912998
0.08436611119732698       0.13653794081294862      0.040066405226962074     1.0173225459822803
0.08393631877363633       0.13680257450329839      0.039007671091484744     1.0204672833732609
0.08350569627304338       0.13706585530304122      0.0388968112325205       1.0236120207642423
0.08307424795413147       0.137327780608497        0.03815103769979625      1.026756758155223
0.08264197808365047       0.13758834782939083      0.03740538748829162      1.0299014955462034
0.0822088909364749        0.13784755438887836      0.036659872287027356     1.033046232937184
0.08177499079556161       0.1381053977235713       0.03591450469043425      1.0361909703281653
0.08134028195190773       0.13836187528356267      0.035169298293905        1.0393357077191456
0.08090476870450763       0.1386169845324523       0.03316514623429237      1.0424804451101264
0.08046845536031075       0.13887072294737174      0.032544028344133974     1.0456251825011074
0.08003134623417911       0.13912308801900908      0.03192290332846682      1.0487699198920883
0.07959344564884452       0.13937407725163398      0.031301772416205645     1.0519146572830689
0.07915475793486568       0.13962368816312232      0.030680636894492515     1.0550593946740494
0.07871528743058549       0.13987191828498066      0.03005949811488777      1.0582041320650304
0.07827503848208833       0.1401187651623707       0.02943835750034112      1.0613488694560114
0.0778340154431568        0.1403642263541335       0.02881721655306         1.064493606846992
0.0773922226752287        0.14060829943281378      0.02819607686341483      1.0676383442379727
0.07694966454735393       0.14085098198468374      0.027574940120043124     1.0707830816289539
0.0765063454361516        0.14109227160976695      0.026953808121347612     1.0739278190199344
0.07606226972576616       0.14133216592186224      0.026332682788614534     1.077072556410915
0.07561744180782437       0.14157066254856723      0.025711566181030487     1.080217293801896
0.07517186608139198       0.14180775913130167      0.025090460512923123     1.083362031192877
0.07472554695293011       0.14204345332533083      0.024469368173620963     1.0865067685838574
0.07427848883625153       0.14227774279978883      0.023848291750409655     1.089651505974838
0.07383069615247707       0.14251062523770153      0.023227234055162964     1.092796243365819
0.07338217332999218       0.14274209833600943      0.022606198155354404     1.0959409807568
0.07293292480440285       0.14297215980559055      0.02198518741031323      1.0990857181477804
0.07248295501849171       0.14320080737128305      0.021364205513790768     1.102230455538761
0.0720322684221742        0.14342803877190766      0.02121156973166968      1.105375192929742
0.07158086947245469       0.1436538517602901       0.020607340606600185     1.108519930320723
0.07112876263338226       0.14387824410328326      0.02000317192461577      1.1116646677117035
0.07067595237600639       0.14410121358178937      0.019399077646933872     1.1148094051026844
0.07022244317833311       0.1443227579907818       0.01838453706608974      1.1179541424936654
0.0697682395252805        0.14454287513932706      0.018010297498163887     1.121098879884646
0.06931334590863426       0.1447615628506062       0.017636096878776895     1.1242436172756265
0.0688577668270034        0.14497881896193676      0.01726193906002061      1.1273883546666075
0.06840150678577583       0.14519464132479362      0.01688782834309789      1.1305330920575885
0.06794457029707378       0.14540902780483062      0.016513769529164675     1.133677829448569
0.06748696187970894       0.1456219762819016       0.016139767977198263     1.1368225668395495
0.06702868605913796       0.1458334846500814       0.015765829670052092     1.1399673042305305
0.0665697473674178        0.14604355081768647      0.01539196129007481      1.1431120416215115
0.06611015034316084       0.1462521727072958       0.015018170305946791     1.146256779012492
0.06564989953148971       0.14645934825577134      0.014672952234498562     1.149401516403473
0.06518899948399284       0.14666507541427842      0.014240576804953805     1.1525462537944535
0.06472745475867898       0.14686935214830615      0.013808395264361173     1.1556909911854343
0.06426526991993255       0.14707217643768725      0.01337644127879459      1.1588357285764148
0.06380244953846803       0.14727354627661834      0.012944752636957274     1.161980465967396
0.06333899819128523       0.14747345967367947      0.012513371953647039     1.165125203358377
0.06287492046162378       0.1476719146518541       0.012082347521122786     1.1682699407493575
0.06241022093891774       0.1478689092485485       0.01165173434560155      1.171414678140338
0.06194490421875027       0.1480644415156112       0.011221595417098343     1.174559415531319
0.06147897490280839       0.14825850951935224      0.01079200327554478      1.1777041529223
0.06101243759883728       0.1484511113405622       0.010449716155293361     1.1808488903132806
0.06054529692059456       0.1486422450745314       0.010251789143465152     1.1839936277042615
0.06007755748780505       0.14883190883106848      0.010054247863570355     1.187138365095242
0.059609223926114674      0.14902010073451943      0.009857110322826441     1.190283102486223
0.05914030086704514       0.14920681892378573      0.009660396060960483     1.1934278398772036
0.05867079294794764       0.14939206155234305      0.009464126301608825     1.1965725772681846
0.058200704811957577      0.1495758267882594       0.0092683241214038       1.199717314659165
0.05773004110794798       0.1497581128142133       0.00907301463911519      1.2028620520501463
0.05725880649048423       0.14993891782751162      0.008800529329272219     1.2060067894411266
0.05678700561977737       0.15011824004010763      0.008532941657932027     1.2091515268321076
0.05631464316163852       0.1502960776786185       0.008265388667730841     1.2122962642230886
0.05584172378743257       0.1504724289843428       0.007997873398435358     1.215441001614069
0.05536825217403176       0.1506472922132782       0.0077303990691345945    1.21858573900505
0.054894233003769846      0.1508206656361383       0.0074629691103593465    1.2217304763960306
0.05441967096439536       0.15099254753837008      0.0071955872033410105    1.2248752137870116
0.0539445707490257        0.1511629362201706       0.006928257328330327     1.2280199511779921
0.05346893705610023       0.15133182999650402      0.006660983824509096     1.231164688568973
0.05299277458933433       0.15149922719711809      0.006393771464872477     1.2343094259599536
0.05251608805767235       0.1516651261665608       0.00612662555062903      1.2374541633509346
0.05203888217524157       0.15182952526419666      0.005859552031317709     1.2405989007419151
0.05156116166130507       0.15199242286422296      0.005592557659192688     1.2437436381328961
0.05108293124021556       0.15215381735568587      0.005325650189838519     1.2468883755238767
0.05060419564136815       0.15231370714249634      0.0054028483367309435    1.2500331129148576
0.050124959599154036      0.15247209064344588      0.005285047262998637     1.2531778503058386
0.04964522785291347       0.15262896629222222      0.005167331593729967     1.2563225876968191
0.04916500514688879       0.1527843325374248       0.005049712020433447     1.2594673250877997
0.0486842962301776        0.15293818784258012      0.004932200312690157     1.2626120624787807
0.048203105856685934      0.15309053068615683      0.004814809447128156     1.2657567998697616
0.04772143878508118       0.153241359561581        0.004697553755012882     1.2689015372607422
0.04723929977874472       0.15339067297725079      0.004580449091590036     1.2720462746517232
0.046756693605725354      0.15353846945655125      0.004463513030920163     1.2751910120427037
0.0462736250386916        0.15368474753786915      0.004346765090672218     1.2783357494336847
0.04579009885488502       0.15382950577460702      0.0042302269922339176    1.2814804868246652
0.04530611983607246       0.15397274273519793      0.004067480218887068     1.2846252242156462
0.0448216927684992        0.15411445700311918      0.003953340631670322     1.2877699616066272
0.04433682244284145       0.15425464717690665      0.0038392484761133007    1.2909146989976077
0.04385151365415881       0.15439331187016853      0.003725209359878157     1.2940594363885882
0.04336577120184704       0.1545304497115991       0.003611229505714952     1.2972041737795692
0.042879599889590655      0.1546660593449921       0.0034973158507270088    1.3003489111705502
0.04239300452531533       0.15480013942925439      0.0033834761653900943    1.3034936485615307
0.04190598992114022       0.15493268863841902      0.0032697191970391284    1.3066383859525112
0.041418560893330486      0.15506370566165853      0.0031560548438572494    1.3097831233434922
0.040930722262249815      0.15519318920329772      0.0030424943671524384    1.3129278607344732
0.04044247885231262       0.15532113798282657      0.0029290506520436473    1.3160725981254537
0.0399538354919361        0.15544755073491287      0.002815738529829386     1.3192173355164347
0.03946479701349293       0.15557242620941475      0.002702575179597587     1.3223620729074157
0.03897536825326324       0.15569576317139308      0.002589580632525283     1.3255068102983962
0.038485554051386664      0.15581756040112357      0.0024901650562477104    1.3286515476893768
0.03799535925181461       0.15593781669410903      0.0024280486942199766    1.3317962850803577
0.037504788702262495      0.156056530861091        0.002365928654630508     1.3349410224713387
0.03701384725416166       0.15617370172806172      0.0023038051321496583    1.3380857598623193
0.03652253976261127       0.15628932813627577      0.002241678321972476     1.3412304972532998
0.03603087108633042       0.15640340894226137      0.0021795484198979557    1.3443752346442808
0.03553884608761023       0.15651594301783173      0.002117415622422396     1.3475199720352617
0.03504646963226562       0.15662692925009636      0.002055280126849938     1.3506647094262423
0.034553746589587056      0.1567363665414718       0.0019931421314239605    1.3538094468172228
0.03406068183229248       0.15684425380969283      0.0019310018354841158    1.3569541842082042
0.03356728023647956       0.15695058998782277      0.00186885943965507      1.3600989215991848
0.03307354668157669       0.15705537402426437      0.0018067151460741619    1.3632436589901653
0.032579486050295196      0.15715860488277003      0.0017445691586682709    1.3663883963811463
0.03208510322858111       0.15726028154245209      0.0016824216834922063    1.3695331337721273
0.031590403105566725      0.15736040299779294      0.0016202729291451548    1.3726778711631078
0.03109539057352212       0.15745896825865496      0.0015581231072872338    1.3758226085540883
0.030600070527806875      0.15755597635029034      0.0014671423633243548    1.3789673459450693
0.030104447866821843      0.15765142631335058      0.0014395541004899263    1.3821120833360503
0.02960852749196054       0.15774531720389617      0.001411937699299517     1.3852568207270308
0.029112314307560554      0.1578376480934058       0.0013842928132520682    1.3884015581180114
0.028615813220855095      0.15792841806878563      0.0013566190974087218    1.3915462955089928
0.02811902914192497       0.1580176262323782       0.0013289162084217923    1.3946910328999733
0.02762196698364916       0.1581052717019714       0.0013011838045652129    1.3978357702909538
0.027124631661656847      0.1581913536108072       0.0012734215457667632    1.4009805076819344
0.02662702809427846       0.1582758711075902       0.0012456290936422826    1.4041252450729158
0.026129161202497645      0.15835882335649598      0.0012178061115323143    1.4072699824638963
0.025631035909901727      0.15844020953717944      0.0011899522645414937    1.4104147198548769
0.02513265714263352       0.158520028844783        0.0011620672195814285    1.4135594572458579
0.02463402982934269       0.15859828048994434      0.0011341506454173593    1.4167041946368388
0.02413515890113686       0.15867496369880435      0.001106202212719689     1.4198489320278194
0.02363604929153271       0.1587500777130148       0.001078221594120968     1.4229936694188
0.023136705936407258      0.1588236217897458       0.0010502084642797587    1.4261384068097813
0.02263713377394954       0.15889559520169308      0.0010221624999524636    1.4292831442007619
0.02213733774461093       0.15896599723708535      9.940833800749632E-4     1.4324278815917424
0.02163732279105683       0.15903482719969111      9.659707858559911E-4     1.435572618982723
0.021137093858117552      0.1591020844088258       9.378244008849962E-4     1.4387173563737043
0.020636655892739924      0.15916776819935827      9.096439112575087E-4     1.4418620937646849
0.020136013843937553      0.15923187792171753      8.814290057221831E-4     1.4450068311556654
0.019635172662742457      0.15929441294189917      8.531793758548334E-4     1.448151568546646
0.019134137302155796      0.15935537264147154      8.248947162657603E-4     1.4512963059376274
0.018632912717099465      0.15941475641758185      7.965747248490942E-4     1.454441043328608
0.018131503864366242      0.1594725636829623       7.682191030852213E-4     1.4575857807195884
0.0176299157025712        0.1595287938659358       7.539656921520524E-4     1.4607305181105699
0.01712815319210309       0.15958344641042144      6.155696094370126E-4     1.4638752555015504
0.016626221295074434      0.1596365207759403       6.053392530463071E-4     1.467019992892531
0.01612412497527302       0.15968801643762057      5.951065994903754E-4     1.4701647302835115
0.01562186919811253       0.15973793288620292      5.84871684739955E-4      1.473309467674493
0.01511945893058401       0.1597862696280453       5.746345463494305E-4     1.4764542050654734
0.014616899141205886      0.159833026185128        5.643952235980779E-4     1.479598942456454
0.014114194799975333      0.15987820209505843      5.54153757647011E-4      1.482743679847435
0.013611350878319195      0.1599217969110755       5.439101917141082E-4     1.485888417238416
0.013108372349044675      0.15996381020205414      5.336645712688834E-4     1.4890331546293964
0.01260526418629002       0.16000424155250959      5.234169442504915E-4     1.492177892020377
0.012102031365475469      0.16004309056260146      5.131673613118237E-4     1.495322629411358
0.011598678863254193      0.16008035684813768      5.029158760936478E-4     1.498467366802339
0.011095211657462937      0.1601160400405784       4.926625455329071E-4     1.5016121041933195
0.010591634727072646      0.16015013978703943      4.824074302105714E-4     1.5047568415843
0.010087953052139307      0.160182655750296        4.721505947448289E-4     1.5079015789752814
0.00958417161375518       0.16021358760878582      4.618921082368059E-4     1.511046316366262
0.009080295393998702      0.16024293505661247      4.5163204477712904E-4    1.5141910537572425
0.008576329375885714      0.16027069780354836      4.4137048402335147E-4    1.5173357911482235
0.008072278543320238      0.1602968755750375       4.311075118597907E-4     1.5204805285392045
0.007568147881045062      0.16032146811219836      4.208432211541687E-4     1.523625265930185
0.007063942374592298      0.16034447517182635      4.1057771262783426E-4    1.5267700033211655
0.006559667010234218      0.1603658965263963       4.0031109585992024E-4    1.5299147407121465
0.006055326774934083      0.16038573196406458      3.9004349045025167E-4    1.5330594781031275
0.0055509266562966935     0.1604039812886713       3.797750273708113E-4     1.536204215494108
0.00504647164251891       0.16042064431974226      3.6950585054258385E-4    1.5393489528850886
0.004541966722340474      0.16043572089249064      3.59236118682796E-4      1.5424936902760695
0.00403741688499481       0.16044921085781869      3.489660074777772E-4     1.5456384276670505
0.0035328271201595495     0.16046111408231922      3.3869571215103185E-4    1.548783165058031
0.0030282024179069614     0.16047143044827694      3.2842545051207787E-4    1.551927902449012
0.0025235477686550403     0.1604801598536695       3.1815546659480666E-4    1.555072639839993
0.0020188681631179385     0.16048730221216864      3.078860350218548E-4     1.5582173772309735
0.001514168592256466      0.16049285745314096      3.833597937011051E-4     1.561362114621954
0.0010094540472288783     0.16049682552164868      3.8337957394933743E-4    1.564506852012935
5.047295193416572E-4      0.16049920637845008      3.8340122136163194E-4    1.567651589403916
9.82779056315751E-18      0.1605                   3.8342473543065425E-4    1.5707963267948966
